3995206
3394027
3452050
3434008
1406008
1135076
3409008
3464062
1135081
3463003
1188006
1189007
1096001
1389000
1548007
3464033
3987635
1113001
1189004
1124015
3998106
1435025
1477017
3529022
1135047
3533020
1143021
3991977
3506005
1666010
1451027
3990777
3990319
1513021
3988016
3993694
1436010
1554014
1476005
3996603
1006058
4007970
1006056
3520212
1486018
3521212
1687061
3827017
3459033
3408074
3995192
3995913
3995845
3997406
1418009
3990343
3991349
1691024
3986121
1109014
3986658
4003104
1554052
1652031
1484016
1553040
1458011
1293000
4011740
4008940
1469019
1076003
1021000
3988150
4026198
1193027
1398011
3995013
1545002
1091003
1113002
1425007
1505052
1666009
1690022
1135079
3407009
1183010
3996616
3988335
3398028
1135059
3871007
3884023
1223002
4033959
4011464
1425006
1471002
1031002
3998109
3436033
4017718
1666066
1115024
1512026
1487013
3987039
3440042
3987045
1435024
3995478
1486015
3399000
3992367
3995846
3990408
1189005
3991463
1519011
3997933
4023751
3988148
3425018
1468020
3499024
3989234
4001126
1666023
3989454
3988985
1028003
1687060
3994931
3459032
3995021
3990698
3505001
1292003
4000422
4023114
3994179
3995143
3468024
4005109
1281002
1593000
4011360
3995454
1135075
3550194
3818015
1075011
1683030
1601000
4010699
1480015
4005106
1111002
3987204
4004565
4027466
1503001
3991840
1129016
4007784
3995284
4001285
1512000
4011468
4013432
4018204
1436033
1418015
1068005
1554013
3994471
1369012
1108007
3425016
1109030
1555000
4000464
1462019
1672002
1006029
1343000
3995082
3997602
1082001
4000582
1667027
4019874
3842020
1318002
4014017
3987992
3494007
3993375
3844041
4034793
1356007
3995844
4000102
3994432
3827027
3986614
4008506
3987478
3997547
4019910
3465081
4000914
3992495
3388018
3990189
3815023
1225018
3995885
4007887
4000620
4001798
1589017
3995078
1554011
3829130
3407081
1306017
3828090
3405016
3994908
4000295
3996270
3994870
1540016
1135080
1434006
3995195
3991211
3828110
1569014
3997052
4000283
1435017
4013563
3486000
3474002
4014237
3991985
1135077
3990582
4007007
3995432
1109013
3994572
3993828
3441064
1673035
3993481
1667068
1009026
1076004
4023745
3844032
1270008
4005108
1674017
3992720
1667000
3994144
3991784
1548001
1188005
3806013
4007963
1028004
4026178
1189006
3487028
1503004
4001239
4000009
4023641
1633018
3988969
3494006
3994470
4007902
3998535
1651001
3989748
4018446
1085007
3997974
4023638
4013557
1494003
1540017
3828009
1189003
3406025
3986195
4001877
3999485
3521201
3847005
4013716
1006051
1425011
4027473
1252031
3986520
4001880
4000278
1621018
4018935
1269010
1306019
1077003
1131025
3986514
1525018
4027998
4026809
4005110
1649012
4023115
4023738
3993860
4019044
1188007
4026450
4007498
1108008
4026116
3406047
4023100
3990740
4020262
3419049
4023839
4000277
4001920
1369155859933827074
1379052170040578049
